10000084
10000117
10000980
10001401
10001667
10001843
10001884
10001919
10002013
10002131
10002221
10002266
10002315
10002348
10002428
10002430
10002443
10002495
10002528
10002545
10002755
10002800
10002807
10002869
10002930
10002976
10003019
10003299
10003372
10003385
10003400
10003412
10003502
10003637
10003731
10003757
10004113
10004296
10004322
10004457
10004606
10004719
10004720
10004764
10005001
10005123
10005236
10005308
10005606
10005749
10005817
10005858
10005866
10005909
10006029
10006269
10006431
10006457
10006513
10006630
10006640
10006825
10007058
10007134
10007232
10007266
10007818
10007920
10008077
10008245
10008287
10008647
10008742
10008816
10008819
10009129
10010038
10010058
10010150
10010231
10010393
10010471
10010655
10010663
10010718
10010848
10010867
10010993
10010997
10011189
10011259
10011279
10011365
10011427
10011449
10011607
10011668
10011912
10011938
10012206
10012438
10012688
10012768
10012853
10013015
10013310
10013324
10013502
10013600
10013724
10014142
10014354
10014378
10014383
10014451
10014532
10014610
10014651
10014670
10014763
10014765
10014790
10014869
10014967
10014991
10015057
10015132
10015272
10015387
10015656
10015785
10015834
10015860
10015931
10016004
10016367
10016374
10016742
10016832
10016859
10017308
10017393
10017404
10017437
10018297
10018328
10018423
10018684
10018862
10018928
10019003
10019385
10019517
10019607
10019915
10020187
10020218
10020306
10020786
10020852
10021109
10021118
10021160
10021179
10021312
10021395
10021493
10021621
10021704
10021818
10021909
10021917
10021927
10022017
10022124
10022373
10022500
10022620
10022747
10022862
10022863
10023020
10023117
10023239
10023274
10023328
10023349
10023365
10023374
10023404
10023486
10023708
10023948
10023994
10024012
10024120
10024170
10024171
10024451
10024736
10024982
10025268
10025282
10025608
10025620
10025630
10025690
10025747
10025841
10025862
10025981
10025995
10026011
10026032
10026246
10026354
10026404
10026406
10026754
10026821
10026879
10027100
10027221
10027584
10027653
10027722
10027957
10028125
10028389
10028480
10028500
10028601
10028735
10028752
10028930
10028979
10029074
10029108
10029291
10029429
10029468
10029514
10029541
10029644
10029649
10029874
10030426
10030549
10030570
10030671
10030682
10030746
10030753
10030771
10030852
10030863
10030937
10031296
10031308
10031316
10031358
10031396
10031404
10031575
10031873
10032176
10032409
10033085
10033290
10033409
10033552
10033642
10033661
10033710
10033760
10033879
10033887
10034031
10034049
10034062
10034317
10034441
10034469
10034667
10034742
10034933
10034963
10035301
10035534
10035631
10035780
10035787
10035791
10035844
10036086
10036821
10036942
10037313
10037400
10037602
10037861
10037928
10038141
10038332
10038688
10038882
10038992
10038999
10039110
10039272
10039302
10039393
10039396
10039708
10039709
10039870
10039913
10039917
10039959
10039990
10039997
10040025
10040149
10040183
10040202
10040284
10040602
10040604
10040663
10040664
10040737
10040881
10040952
10040984
10041312
10041339
10041397
10041429
10041690
10041720
10041894
10042021
10042315
10042350
10042508
10042793
10042810
10042896
10043039
10043086
10043305
10043321
10043528
10043622
10043967
10043988
10044439
10044612
10044997
10045119
10045299
10045326
10045395
10045518
10045549
10045665
10045670
10045785
10045854
10045874
10045900
10045929
10045960
10046207
10046234
10046351
10046362
10046436
10046543
10046559
10046592
10046630
10046679
10046724
10047118
10047172
10047297
10047299
10047351
10047484
10047682
10047766
10047824
10048001
10048061
10048244
10048262
10048451
10048703
10048779
10048825
10048900
10048986
10049041
10049095
10049330
10049334
10049719
10049723
10049746
10049851
10049902
10050106
10050445
10050755
10050823
10051043
10051074
10051352
10051500
10051540
10051658
10051825
10051850
10051872
10051990
10052047
10052193
10052340
10052395
10052419
10052530
10052597
10052736
10052745
10052875
10052926
10052938
10052992
10053000
10053139
10053184
10053216
10053317
10053540
10053697
10053810
10053854
10054237
10054496
10054622
10054634
10054753
10054992
10055235
10055344
10055374
10055595
10055694
10055729
10055939
10056612
10057009
10057070
10057126
10057482
10057559
10057731
10058067
10058123
10058150
10058305
10058341
10058437
10058575
10058750
10058856
10058868
10058910
10059041
10059192
10059406
10059653
10059917
10059952
10060338
10060531
10060733
10060749
10060863
10061303
10061633
10061677
10061731
10061737
10061786
10062203
10062317
10062399
10062411
10062498
10062617
10062931
10062981
10063280
10063444
10063460
10063799
10063848
10063856
10063991
10064049
10064176
10064309
10064312
10064390
10064636
10064835
10064854
10065024
10065057
10065103
10065530
10065584
10065615
10065997
10066039
10066099
10066102
10066149
10066209
10066415
10066998
10067059
10067086
10067149
10067195
10067306
10067380
10067389
10067834
10067859
10067921
10068177
10068741
10068843
10068987
10069364
10069511
10069637
10069692
10069780
10069864
10069871
10069992
10070011
10070024
10070127
10070201
10070311
10070352
10070539
10070594
10070614
10070735
10070850
10070932
10070992
10071302
10071390
10071435
10071611
10071690
10071795
10071847
10071869
10072214
10072264
10072559
10072799
10073239
10073247
10073248
10074474
10074520
10074556
10074611
10074649
10074869
10074908
10075035
10075053
10075138
10075148
10075709
10075900
10075925
10076144
10076263
10076272
10076362
10076506
10076617
10076958
10077018
10077162
10077298
10077365
10077370
10077499
10077534
10077619
10077769
10078162
10078279
10078297
10078309
10078574
10078762
10078805
10078882
10078892
10079116
10079117
10079290
10079466
10079545
10079616
10079632
10079700
10079855
10080219
10080299
10080421
10080443
10080524
10080635
10080695
10080880
10080985
10081067
10081375
10081573
10081636
10081670
10081704
10081869
10081883
10082090
10082163
10082640
10082662
10082701
10082965
10083019
10083072
10083113
10083304
10083424
10083629
10083678
10083746
10083754
10083814
10083851
10083995
10084262
10084702
10085403
10085667
10085725
10085735
10085948
10086022
10086182
10086334
10086710
10087092
10087189
10087276
10087348
10087562
10087922
10087943
10087981
10088163
10088198
10088669
10088772
10088776
10088827
10088914
10088966
10089076
10089119
10089171
10089199
10089344
10089618
10089668
10089722
10089865
10089903
10089922
10090148
10090190
10090257
10090755
10090768
10090787
10091225
10091324
10091326
10091396
10091535
10091570
10091724
10091873
10091997
10092020
10092175
10092201
10092227
10092572
10092879
10092911
10093120
10093609
10093625
10093718
10094091
10094132
10094133
10094476
10094582
10094706
10094811
10094850
10095155
10095323
10095417
10095483
10095576
10095655
10095668
10095681
10095796
10096035
10096037
10096046
10096175
10096381
10096391
10096581
10097214
10097383
10097659
10097898
10098008
10098870
10098875
10099104
10099480
10099652
10099750
10099869
10099912
10100014
10100035
10100177
10100289
10100342
10100810
10101264
10101282
10101321
10101340
10101360
10101379
10101501
10101808
10101881
10102610
10102822
10102862
10102878
10103031
10103086
10103411
10103521
10103536
10103605
10103763
10103795
10103971
10104012
10104289
10104308
10104436
10104473
10104549
10104678
10104730
10104945
10104952
10105017
10105515
10105529
10105545
10105714
10105923
10106056
10106165
10106189
10106244
10106263
10106624
10106781
10107044
10107132
10107208
10107231
10107262
10107664
10107943
10108031
10108132
10108133
10108199
10108233
10108418
10108433
10108435
10108513
10108658
10108709
10108868
10109015
10109025
10109197
10109270
10109555
10109613
10109826
10109899
10109956
10110107
10110324
10110352
10110584
10110635
10110724
10110742
10110743
10110843
10111112
10111136
10111614
10111636
10112163
10112392
10112559
10112582
10112789
10112832
10112984
10113000
10113036
10113093
10113144
10113224
10113381
10113573
10113636
10113725
10113751
10113778
10113857
10114320
10114527
10114694
10114736
10114825
10114932
10115044
10115156
10115182
10115311
10115513
10115518
10115586
10115708
10115962
10116054
10116085
10116099
10116129
10116258
10116289
10116409
10116621
10116738
10116898
10117130
10117230
10117273
10117590
10117734
10117756
10117783
10117790
10117812
10118141
10118413
10118667
10118710
10119017
10119045
10119094
10119234
10119391
10119554
10119629
10119679
10119863
10119872
10119910
10119916
10119959
10119992
10120109
10120246
10120330
10120372
10120826
10120925
10121059
10121316
10121331
10121352
10121523
10121634
10121738
10121750
10121799
10121836
10121902
10122093
10122126
10122182
10122297
10122334
10122428
10122772
10122790
10122838
10123063
10123103
10123515
10123924
10123949
10124029
10124189
10124191
10124291
10124428
10124500
10124544
10124699
10124807
10124873
10124883
10124885
10124890
10124966
10125734
10125818
10125888
10126125
10126467
10126484
10126501
10126957
10127197
10127469
10127480
10127517
10127552
10127627
10127659
10127712
10128111
10128191
10128419
10128498
10128643
10128689
10128770
10128797
10128799
10128933
10129052
10129197
10129284
10129359
10129722
10129882
10130010
10130015
10130105
10130191
10130321
10130348
10130449
10130751
10131032
10131080
10131339
10131445
10131457
10131478
10131482
10131542
10131638
10131647
10131676
10131813
10132136
10132139
10132390
10132489
10132504
10132512
10132611
10132612
10132626
10132628
10132774
10133238
10133363
10133599
10133608
10133631
10133640
10133732
10133751
10133828
10133915
10133926
10134032
10134205
10134367
10134485
10134507
10134600
10134625
10134648
10134664
10134742
10135051
10135132
10135185
10135314
10135325
10135376
10135398
10135557
10135647
10135658
10135720
10135907
10136083
10136095
10136276
10136491
10136668
10136711
10136839
10137046
10137146
10137333
10137409
10137419
10137421
10137481
10137890
10137916
10138124
10138206
10138352
10138401
10138440
10138762
10138951
10138979
10138989
10139041
10139183
10139228
10139314
10139387
10139461
10139504
10139983
10139992
10140194
10140467
10140481
10140532
10140682
10140750
10141031
10141050
10141173
10141243
10141438
10141487
10141505
10141524
10141559
10141695
10141911
10141955
10142197
10142207
10142213
10142339
10142447
10142675
10142844
10142884
10143019
10143106
10143287
10143303
10143711
10143737
10143777
10143817
10144083
10144093
10144158
10144359
10144378
10144406
10144712
10144846
10144859
10144872
10144972
10145032
10145129
10145351
10145540
10145959
10146281
10146602
10146735
10146806
10146991
10147310
10147525
10147642
10147780
10147782
10147906
10147992
10148126
10148145
10148188
10148679
10148710
10148993
10148995
10149067
10149316
10149334
10149485
10149498
10149507
10149698
10149765
10149857
10149883
10149959
10150083
10150132
10150136
10150167
10150284
10150423
10150465
10150503
10150550
10150566
10150567
10150882
10150911
10151021
10151160
10151282
10151324
10151350
10151468
10151690
10151713
10151766
10151956
10152017
10152049
10152086
10152121
10152162
10152209
10152346
10152504
10152525
10152624
10152631
10152872
10152886
10152950
10152997
10153544
10153623
10153680
10153956
10154074
10154271
10154343
10154473
10154719
10154731
10155329
10155603
10155734
10155766
10155841
10155871
10156119
10156218
10156269
10156395
10156482
10156486
10156545
10156618
10156659
10156700
10157146
10157167
10157331
10157362
10157454
10157542
10157595
10157674
10157940
10158230
10158488
10158544
10158857
10158991
10159049
10159383
10159578
10159685
10159748
10159817
10159832
10159900
10160622
10160781
10160899
10160990
10161004
10161112
10161118
10161722
10161764
10161877
10161889
10161912
10162461
10162540
10162760
10162861
10163713
10163774
10164104
10164277
10164332
10164344
10164613
10164673
10164970
10164996
10165073
10165080
10165087
10165155
10165422
10165522
10165636
10165672
10165673
10165779
10165875
10165902
10165963
10166010
10166498
10166602
10166682
10166716
10167090
10167166
10167547
10167680
10167765
10167779
10167784
10167837
10168247
10168400
10168469
10168636
10168648
10168656
10168680
10168722
10168835
10168912
10168921
10168968
10169000
10169160
10169662
10169726
10169750
10169876
10169883
10170022
10170181
10170435
10170562
10170733
10170742
10170781
10170980
10171247
10171268
10171323
10171438
10171525
10171687
10171967
10172391
10172560
10172626
10172705
10172884
10173142
10173172
10173241
10173420
10173514
10173672
10173705
10173815
10173851
10173928
10174086
10174118
10174481
10174683
10174744
10174859
10174935
10174994
10175093
10175097
10175276
10175289
10175301
10175498
10175711
10175944
10176128
10176359
10176453
10176643
10176741
10176833
10176838
10176871
10177158
10177209
10177348
10177415
10177765
10177799
10177927
10177987
10178145
10178294
10178472
10178554
10179089
10179383
10179407
10179438
10179842
10180022
10180042
10180095
10180134
10180394
10180399
10180407
10180505
10180664
10180681
10180796
10180971
10180995
10181023
10181181
10181256
10181293
10181426
10181673
10181819
10181923
10182092
10182104
10182144
10182648
10183015
10183043
10183264
10183369
10183410
10183449
10183551
10183920
10184003
10184089
10184274
10184327
10184377
10184536
10184623
10184662
10184839
10185027
10185043
10185145
10185295
10185323
10185336
10185371
10185405
10185454
10185476
10185829
10186026
10186447
10186451
10186453
10186658
10187053
10187075
10187271
10187324
10187422
10187866
10187880
10187895
10187935
10188275
10188374
10188452
10188472
10188582
10188996
10189001
10189149
10189202
10189377
10189510
10189736
10189889
10189939
10190116
10190215
10190580
10190684
10190692
10190721
